P: 0.9641888662467385
R: 0.9908256880733946
F1: 0.9773258155245361
mAP@0.5: 0.9850011535385043
mAP@0.5:0.95: 0.9850011535385044
PD: 0.9908256880733946
FA: 0.046511627906976744
best_thres: 0.3613613613613614
TP: 108
FP_box: 4
FN: 1
GT: 109
n_images_eval: 86
_num_images_coco: 86
_missing_images: 0
