P: 0.9540982393033929
R: 0.9541284403669725
F1: 0.9541133395961902
mAP@0.5: 0.9396465308511421
mAP@0.5:0.95: 0.5078027910575005
PD: 0.9541284403669725
FA: 0.045871559633027525
best_thres: 0.4994994994994995
TP: 104
FP: 5
FN: 5
GT: 109
_num_images_coco: 86
_missing_images: 0
