P: 0.9785965536120884
R: 0.9631578947368421
F1: 0.9708158487034141
mAP@0.5: 0.9820274682304277
mAP@0.5:0.95: 0.5613262192719962
PD: 0.9631578947368421
FA: 0.0213903743315508
best_thres: 0.37737737737737737
TP: 366
FP: 8
FN: 14
GT: 380
_num_images_coco: 266
_missing_images: 0
