P: 0.9746227596786053
R: 0.8973509933774835
F1: 0.9343920555917073
mAP@0.5: 0.9805770421019859
mAP@0.5:0.95: 0.9805770421019859
PD: 0.8973509933774835
FA: 0.03482587064676617
best_thres: 0.45145145145145144
TP: 271
FP_box: 7
FN: 31
GT: 302
n_images_eval: 201
_num_images_coco: 201
_missing_images: 0
