P: 0.9369135711554907
R: 0.9052631578947369
F1: 0.9208164718657996
mAP@0.5: 0.952456864040923
mAP@0.5:0.95: 0.41137568167044136
PD: 0.9052631578947369
FA: 0.08646616541353383
best_thres: 0.43743743743743746
TP: 344
FP_box: 23
FN: 36
GT: 380
n_images_eval: 266
_num_images_coco: 266
_missing_images: 0
