P: 0.21662832995803907
R: 0.6215710986849753
F1: 0.3212837051829023
mAP@0.5: 0.2093578363571102
mAP@0.5:0.95: 0.06014755236422896
PD: 0.6146788990825688
FA: 0.7852564102564102
best_thres: 0.09509509509509509
TP: 67
FP: 245
FN: 42
GT: 109
_num_images_coco: 86
_missing_images: 0
