P: 0.9945826878176266
R: 0.9710526315789474
F1: 0.9826768239234278
mAP@0.5: 0.9931905692205901
mAP@0.5:0.95: 0.9931905692205902
PD: 0.9710526315789474
FA: 0.007518796992481203
best_thres: 0.5245245245245245
TP: 369
FP_box: 2
FN: 11
GT: 380
n_images_eval: 266
_num_images_coco: 266
_missing_images: 0
