P: 0.9166086842891878
R: 0.8377483443708609
F1: 0.8754060834307154
mAP@0.5: 0.8750291302618278
mAP@0.5:0.95: 0.36570929427309634
PD: 0.8377483443708609
FA: 0.08333333333333333
best_thres: 0.45545545545545546
TP: 253
FP: 23
FN: 49
GT: 302
_num_images_coco: 201
_missing_images: 0
