P: 0.9306783395504766
R: 0.847682119205298
F1: 0.88724350936208
mAP@0.5: 0.8821118862031297
mAP@0.5:0.95: 0.3744678260292672
PD: 0.847682119205298
FA: 0.06909090909090909
best_thres: 0.4854854854854855
TP: 256
FP: 19
FN: 46
GT: 302
_num_images_coco: 201
_missing_images: 0
