P: 0.983806036575485
R: 0.9605263157894737
F1: 0.9720268107598922
mAP@0.5: 0.9827158764652537
mAP@0.5:0.95: 0.5627005174794761
PD: 0.9605263157894737
FA: 0.016172506738544475
best_thres: 0.5195195195195195
TP: 365
FP: 6
FN: 15
GT: 380
_num_images_coco: 266
_missing_images: 0
