P: 0.9919570529257657
R: 0.9736779261118897
F1: 0.9827324975237114
mAP@0.5: 0.9938778975232735
mAP@0.5:0.95: 0.9938778975232735
PD: 0.9710526315789474
FA: 0.011278195488721804
best_thres: 0.3963963963963964
TP: 369
FP_box: 3
FN: 11
GT: 380
n_images_eval: 266
_num_images_coco: 266
_missing_images: 0
