P: 0.9459392469701409
R: 0.963302752293578
F1: 0.9545420438689878
mAP@0.5: 0.9422118492241206
mAP@0.5:0.95: 0.5109067615607368
PD: 0.963302752293578
FA: 0.05405405405405406
best_thres: 0.3433433433433433
TP: 105
FP: 6
FN: 4
GT: 109
_num_images_coco: 86
_missing_images: 0
