P: 0.9642789571150674
R: 0.9906330157213719
F1: 0.9772783476256103
mAP@0.5: 0.9849080920922972
mAP@0.5:0.95: 0.9849080920922972
PD: 0.981651376146789
FA: 0.046511627906976744
best_thres: 0.34734734734734735
TP: 107
FP_box: 4
FN: 2
GT: 109
n_images_eval: 86
_num_images_coco: 86
_missing_images: 0
