P: 0.05637479207055499
R: 0.20526315789473684
F1: 0.08845557647578532
mAP@0.5: 0.016317214310243154
mAP@0.5:0.95: 0.004287959255163135
PD: 0.20526315789473684
FA: 0.9436008676789588
best_thres: 0.0990990990990991
TP: 78
FP: 1305
FN: 302
GT: 380
_num_images_coco: 266
_missing_images: 0
