P: 0.916645449470904
R: 0.8410596026490066
F1: 0.8772273329614623
mAP@0.5: 0.8742940269117908
mAP@0.5:0.95: 0.37256874624624775
PD: 0.8410596026490066
FA: 0.08303249097472924
best_thres: 0.45645645645645644
TP: 254
FP: 23
FN: 48
GT: 302
_num_images_coco: 201
_missing_images: 0
