P: 0.9320707000835116
R: 0.817819385180734
F1: 0.8712152760979458
mAP@0.5: 0.8709150570147307
mAP@0.5:0.95: 0.3681951862190771
PD: 0.8145695364238411
FA: 0.06818181818181818
best_thres: 0.4994994994994995
TP: 246
FP: 18
FN: 56
GT: 302
_num_images_coco: 201
_missing_images: 0
