P: 0.9865225869519458
R: 0.9631344794176899
F1: 0.9746882511876735
mAP@0.5: 0.9872027103642363
mAP@0.5:0.95: 0.9872027103642363
PD: 0.9605263157894737
FA: 0.018796992481203006
best_thres: 0.44144144144144143
TP: 365
FP_box: 5
FN: 15
GT: 380
n_images_eval: 266
_num_images_coco: 266
_missing_images: 0
