P: 0.9459206462365349
R: 0.926695121973143
F1: 0.9362091930680879
mAP@0.5: 0.9793200025591003
mAP@0.5:0.95: 0.9793200025591003
PD: 0.9238410596026491
FA: 0.07960199004975124
best_thres: 0.3683683683683684
TP: 279
FP_box: 16
FN: 23
GT: 302
n_images_eval: 201
_num_images_coco: 201
_missing_images: 0
