P: 0.9837486673955007
R: 0.9578947368421052
F1: 0.9706495732604346
mAP@0.5: 0.9801254773151502
mAP@0.5:0.95: 0.5540903157163196
PD: 0.9578947368421052
FA: 0.016216216216216217
best_thres: 0.5245245245245245
TP: 364
FP: 6
FN: 16
GT: 380
_num_images_coco: 266
_missing_images: 0
