P: 0.9727263322673241
R: 0.9816168926153362
F1: 0.9771513902863128
mAP@0.5: 0.9848707583555267
mAP@0.5:0.95: 0.9848707583555267
PD: 0.9724770642201835
FA: 0.03488372093023256
best_thres: 0.4184184184184184
TP: 106
FP_box: 3
FN: 3
GT: 109
n_images_eval: 86
_num_images_coco: 86
_missing_images: 0
