P: 0.10961247254617179
R: 0.11258278145695365
F1: 0.11107777343838676
mAP@0.5: 0.019402248973030698
mAP@0.5:0.95: 0.0037081837192349714
PD: 0.11258278145695365
FA: 0.8903225806451613
best_thres: 0.2802802802802803
TP: 34
FP: 276
FN: 268
GT: 302
_num_images_coco: 201
_missing_images: 0
