P: 0.8570864038265075
R: 0.7748344370860927
F1: 0.8138875913511571
mAP@0.5: 0.8026126895228236
mAP@0.5:0.95: 0.32480482044485726
PD: 0.7748344370860927
FA: 0.19402985074626866
best_thres: 0.4894894894894895
TP: 234
FP_box: 39
FN: 68
GT: 302
n_images_eval: 201
_num_images_coco: 201
_missing_images: 0
