P: 0.16092022011047827
R: 0.22935779816513763
F1: 0.1891385404069762
mAP@0.5: 0.048696840487683524
mAP@0.5:0.95: 0.0072325653018080385
PD: 0.22935779816513763
FA: 0.8387096774193549
best_thres: 0.26226226226226224
TP: 25
FP: 130
FN: 84
GT: 109
_num_images_coco: 86
_missing_images: 0
