P: 0.9868805159819909
R: 0.9921052631578947
F1: 0.9894859926070287
mAP@0.5: 0.9946213879358782
mAP@0.5:0.95: 0.9946213879358782
PD: 0.9921052631578947
FA: 0.018796992481203006
best_thres: 0.27627627627627627
TP: 377
FP_box: 5
FN: 3
GT: 380
n_images_eval: 266
_num_images_coco: 266
_missing_images: 0
