P: 0.353578298179367
R: 0.39727879095559887
F1: 0.37415684247095904
mAP@0.5: 0.2496152041103614
mAP@0.5:0.95: 0.0963961337673728
PD: 0.39473684210526316
FA: 1.037593984962406
best_thres: 0.1961961961961962
TP: 150
FP_box: 276
FN: 230
GT: 380
n_images_eval: 266
_num_images_coco: 266
_missing_images: 0
